---
build/assets/images/drytheriver.png: 2015-06-23 20:06:15.000000000 +02:00
build/assets/images/iPhone.svg: 2015-06-23 20:05:42.000000000 +02:00
build/assets/images/placemat.png: 2015-06-23 20:05:45.000000000 +02:00
